   0.0000000e+00   0.0000000e+00   0.0000000e+00   0.0000000e+00   0.0000000e+00   0.0000000e+00
   1.5136780e-02   5.2319842e-02  -2.5672341e-02  -3.6916818e-04  -1.5267667e-04   1.4181351e-04
   3.0065056e-03   4.2631335e-02  -6.6593805e-02   1.1138421e-04   3.8968197e-05   2.1413198e-04
   1.3292268e-02   8.1934062e-02  -2.3727417e-02  -6.1769057e-04   5.0488431e-05   3.9579482e-04
   2.8752894e-02   7.9185497e-02  -2.8928902e-02  -5.8778144e-04  -3.5313103e-04   4.9258930e-04
   4.8407615e-02   9.9614224e-02  -2.3723915e-02  -1.0949767e-03  -8.8497126e-04   6.5648236e-04
   2.3927106e-02   1.0222629e-01  -2.2625419e-02  -9.2445665e-04  -7.1322327e-04   3.7491057e-04
   4.2520424e-02   2.2980860e-02  -6.8876573e-02  -2.0645299e-04  -6.0214587e-04   4.9371452e-04
   5.0822922e-02   4.9133214e-02   1.9718767e-02  -1.1662902e-03  -6.7585850e-04   7.0652761e-04
   5.7937055e-02  -6.1559607e-02  -5.3082335e-02   1.5209914e-04  -4.1676189e-04   6.0934206e-04
   9.7006465e-02   4.6979586e-02  -1.0928489e-03  -4.0060141e-04  -7.9924095e-04   9.7045816e-04
   1.3787953e-01   1.1345715e-01   1.2327430e-02  -1.5128956e-03  -1.3329058e-03   1.4772420e-03
   1.2873367e-01   1.3013215e-01   3.6409302e-02  -1.7123883e-03  -1.1467451e-03   1.4759301e-03
   1.5973050e-01   9.9989511e-02   6.7663115e-02  -1.8731257e-03  -1.4948370e-03   1.9314004e-03
   1.3968964e-01   1.1104302e-01   6.0853020e-02  -2.1673726e-03  -1.5307996e-03   1.6416384e-03
   1.2379390e-01   1.5446554e-01   4.1156161e-02  -2.6075196e-03  -1.5994842e-03   1.6280285e-03
   1.0865061e-01   1.7073519e-01  -2.8659411e-02  -2.2551109e-03  -1.8238835e-03   1.2916775e-03
   1.3601813e-01   2.0374014e-01   2.2644613e-02  -3.3435679e-03  -1.6067014e-03   1.8851365e-03
   1.5321417e-01   1.7189744e-01   6.5224566e-02  -3.0606320e-03  -1.9318826e-03   2.0961338e-03
   1.1579969e-01   1.9004370e-01  -2.3046755e-03  -3.2524939e-03  -2.1757639e-03   1.4241887e-03
   1.1475560e-01   2.3107737e-01   4.5738880e-02  -3.3917839e-03  -1.7435216e-03   1.6375141e-03
   1.4605242e-01   1.5084124e-01  -6.5391417e-02  -1.5674340e-03  -2.1532432e-03   1.9075437e-03
   1.3485882e-01   1.5171641e-01  -6.7030602e-02  -1.7953544e-03  -2.2110184e-03   1.5872756e-03
   1.4194371e-01   1.7962283e-01  -4.6817821e-02  -2.2533876e-03  -2.4564860e-03   1.6622110e-03
   1.4637574e-01   1.7234459e-01  -4.4600850e-02  -2.2905392e-03  -2.4525526e-03   1.8639905e-03
   1.2848288e-01   2.0981044e-01  -3.0702251e-02  -3.3979209e-03  -2.2473920e-03   2.0126039e-03
   1.0607991e-01   2.3617919e-01  -7.1843104e-02  -3.0238694e-03  -2.4202500e-03   1.5638020e-03
   1.1507200e-01   2.3600575e-01  -1.0396650e-01  -2.6881015e-03  -2.4889861e-03   1.9895993e-03
   1.0208304e-01   1.9115995e-01  -1.4971357e-01  -2.0472233e-03  -2.3466473e-03   1.8469706e-03
   9.0149884e-02   2.1537873e-01  -1.3111356e-01  -2.5945325e-03  -2.1844305e-03   1.7057023e-03
   8.1172230e-02   2.3465715e-01  -1.0478698e-01  -3.3321210e-03  -2.0945640e-03   1.5918434e-03
   8.0646168e-02   2.7239584e-01  -1.0521211e-01  -3.8130055e-03  -1.9293945e-03   1.8881905e-03
   5.8637295e-02   2.7263084e-01  -1.0657130e-01  -3.7528974e-03  -1.7830457e-03   1.6441987e-03
   5.3981431e-02   2.7928025e-01  -1.0596227e-01  -3.6730429e-03  -1.8285855e-03   1.5049043e-03
   4.2473584e-02   2.7274551e-01  -1.5108276e-01  -3.3606171e-03  -1.4504489e-03   1.5228747e-03
   4.4341094e-02   2.6336222e-01  -1.5107823e-01  -3.2861303e-03  -1.6037340e-03   1.5386786e-03
   5.5000144e-02   2.8049387e-01  -1.2967702e-01  -3.8981501e-03  -1.7128169e-03   1.6099504e-03
   3.5929445e-02   2.6244817e-01  -1.7096614e-01  -3.1683845e-03  -1.4305964e-03   1.6496168e-03
   5.3352953e-02   2.6725955e-01  -1.7236301e-01  -2.9042755e-03  -1.6931108e-03   1.7357646e-03
   6.0648183e-02   2.1083381e-01  -2.0056118e-01  -2.2826416e-03  -1.5865159e-03   2.0277862e-03
   7.3293065e-02   2.1338797e-01  -1.9504581e-01  -2.4732585e-03  -1.7668932e-03   2.1671461e-03
   8.4091424e-02   9.0879896e-02  -8.2203686e-02  -1.7770226e-03  -1.1105884e-03   2.6036916e-03
  -3.0671680e-02   7.8885452e-02  -3.4353273e-01  -5.1057928e-04  -1.4724082e-03  -3.3800230e-04
  -8.3442860e-02   1.2779493e-01  -2.8959789e-01  -5.2130591e-04  -6.1000878e-04   3.2871008e-05
  -1.4907544e-01   1.9091526e-01  -3.7880885e-01  -8.7682850e-04   1.0406035e-03  -2.3132659e-04
  -1.4975957e-01  -2.1468885e-01  -5.5719526e-01   4.2729864e-03   2.0980353e-03   1.5805383e-05
  -1.5620404e-01   2.5821222e-02  -3.7563670e-01   9.9957217e-04   1.3842081e-03   3.0170706e-04
  -2.5833865e-01   1.3033798e-01  -2.7041748e-01  -1.0438614e-03   2.0847630e-03  -1.1361269e-03
  -2.5101512e-01   1.4943286e-01  -2.5226037e-01  -1.1744137e-03   1.7573979e-03  -1.0930092e-03
  -2.5734553e-01   1.5237953e-01  -1.9954725e-01  -1.0086742e-03   1.7758875e-03  -1.1922536e-03
  -2.3584426e-01   1.1876562e-01  -1.2984096e-01  -1.8935723e-03   1.4477550e-03  -1.0941257e-03
  -2.3982234e-01   1.2444383e-01  -1.6255006e-01  -2.0223838e-03   1.2788724e-03  -1.2922492e-03
  -2.2825488e-01   1.2922778e-01  -2.2475549e-01  -1.1521812e-03   1.9163300e-03  -9.6289150e-04
  -2.8209176e-01   1.4238719e-01  -2.0425490e-01  -1.3186251e-03   2.1244696e-03  -1.3464637e-03
  -2.5263028e-01   7.7587736e-02  -1.8529337e-01  -6.3871351e-04   1.8392496e-03  -9.6802925e-04
  -2.6523922e-01   1.3323947e-01  -1.2932925e-01  -1.3186104e-03   2.1143085e-03  -1.0150195e-03
  -2.5155667e-01   9.6555270e-02  -1.7814679e-01  -7.4750927e-04   1.8401230e-03  -1.0548751e-03
  -2.7049689e-01   1.0933129e-01  -1.9718719e-01  -8.4111366e-04   1.8571580e-03  -1.3291661e-03
  -2.6278080e-01   9.2690141e-02  -2.3957454e-01  -3.5495785e-04   1.5892856e-03  -1.3883968e-03
  -2.6574655e-01   9.8200213e-02  -1.8694409e-01  -7.5459777e-04   1.5752461e-03  -1.4396597e-03
  -2.6347366e-01   1.0709406e-01  -1.7689507e-01  -1.2794439e-03   1.7757560e-03  -1.2361161e-03
  -2.4772992e-01   6.2921403e-02  -2.0379957e-01  -4.7699823e-04   1.6301518e-03  -1.0456284e-03
  -2.6388466e-01   7.3956462e-02  -2.0861008e-01  -1.5758803e-04   1.5431723e-03  -1.2765435e-03
  -2.3250013e-01   8.6999551e-02  -2.4204462e-01  -1.4448923e-04   1.2979297e-03  -9.0212214e-04
  -2.2949341e-01   4.8918827e-02  -2.5500113e-01   2.1266729e-04   1.4645673e-03  -6.3595964e-04
  -2.2059941e-01   6.1527726e-02  -2.2576548e-01  -2.5217977e-04   1.3072671e-03  -6.8692063e-04
  -2.1035466e-01   4.6279568e-02  -2.0691058e-01  -4.4663469e-04   1.0888029e-03  -6.3727410e-04
  -2.1220889e-01   6.3958415e-02  -1.8684221e-01  -8.4586386e-04   1.1128365e-03  -7.4799431e-04
  -2.1239953e-01   3.9953675e-02  -1.9730748e-01  -3.2571465e-04   1.2917710e-03  -5.8891550e-04
  -2.1432632e-01   3.7553191e-02  -2.6601327e-01   4.2254517e-05   9.8290958e-04  -8.4085872e-04
  -2.1735928e-01  -2.1233220e-03  -2.7204265e-01   5.9482989e-04   9.0138837e-04  -8.3831269e-04
  -2.2602642e-01   4.7200382e-02  -2.0768882e-01  -4.4613673e-04   9.3531230e-04  -9.2215238e-04
  -2.2409705e-01   3.8186980e-02  -2.0257730e-01  -5.6033025e-04   7.3028069e-04  -1.0811230e-03
  -2.3461660e-01   6.1199761e-02  -1.5767782e-01  -1.2746079e-03   1.1013414e-03  -9.5626694e-04
  -2.2066377e-01   7.6732262e-02  -1.3131661e-01  -1.2624026e-03   8.5441944e-04  -9.9861735e-04
  -1.4106644e-01  -1.1463749e-01  -3.5288718e-01   2.4617809e-03   1.6267280e-04   2.1183263e-04
  -1.7275347e-01  -1.3698568e-01  -1.9944090e-01   1.5378469e-03   1.5026978e-03  -2.9590818e-04
  -7.4465994e-02  -4.7727295e-02  -2.8283071e-01  -1.9955248e-04  -4.9583804e-04  -7.5655858e-04
  -1.5825298e-01   9.8439398e-02  -1.8784822e-01  -1.3449958e-03  -9.1796197e-05  -7.9850574e-04
  -1.5772022e-01   1.3600853e-01  -1.6008147e-01  -2.0130870e-03  -3.9651408e-04  -9.9264226e-04
  -1.6190242e-01   7.2276048e-02  -1.9551161e-01  -1.4248842e-03  -3.8720498e-04  -1.0086503e-03
  -1.5555882e-01   6.8901330e-02  -2.3287740e-01  -3.3144832e-04  -4.6572821e-04  -8.8922063e-04
  -1.6578566e-01   9.1187153e-02  -2.0062546e-01  -1.3138198e-03  -2.0990140e-04  -8.4755319e-04
  -1.6812800e-01   1.4240226e-01  -1.1887808e-01  -2.7670726e-03  -3.5537037e-04  -1.0867688e-03
  -1.7940746e-01   1.4801559e-01  -8.2502718e-02  -3.3846590e-03  -2.3578929e-04  -1.2330040e-03
  -1.5974731e-01   1.4777532e-01  -3.8985624e-02  -3.6085071e-03  -1.5155348e-04  -9.2562516e-04
  -1.5244679e-01   1.2471984e-01  -9.7907866e-02  -2.6192518e-03   2.7221602e-04  -3.4845710e-04
  -1.4052098e-01   8.2280261e-02  -1.2005987e-01  -2.1411944e-03   9.4399456e-05  -2.3546843e-04
  -1.3727963e-01   9.3076523e-02  -1.0804650e-01  -2.3227481e-03  -1.7479582e-04  -5.0921586e-04
  -1.4041711e-01   4.8516805e-02  -9.4240583e-02  -2.1356117e-03  -1.9244193e-04  -6.0230433e-04
  -1.5343197e-01   1.1921094e-01  -1.3701606e-02  -3.3712734e-03  -8.8611822e-05  -6.2329515e-04
  -1.3510896e-01   8.6027115e-02  -3.4076397e-02  -2.9722842e-03  -5.2310415e-05  -3.0672597e-04
  -1.4799932e-01   1.0343693e-01   4.9892693e-03  -3.4287845e-03  -5.1491015e-05  -5.8932844e-04
  -1.0841759e-01   5.5807313e-02   3.1547295e-02  -2.9640130e-03  -1.5052262e-05   2.3658385e-04
  -1.1362230e-01   7.6357749e-02  -6.0946594e-03  -2.9812743e-03  -2.6905768e-04  -4.6283752e-05
  -1.1219727e-01   2.9474800e-02  -3.6294304e-02  -2.1537065e-03  -9.9754674e-05   7.4605508e-05
  -1.2868765e-01   7.1919649e-02   4.3396506e-02  -3.2399148e-03   5.8993468e-05  -1.5727274e-04
  -1.1062831e-01   5.7612703e-02   9.1966104e-02  -3.7644179e-03   7.0664453e-05   3.3838441e-04
  -1.1357485e-01   6.2060538e-02   8.6223933e-02  -3.6484171e-03   8.6863936e-05   2.7036577e-04
  -1.2287519e-01   7.8535899e-02   7.1526421e-02  -3.8379440e-03   9.7108490e-05   1.7884296e-04
  -1.2231903e-01   4.0849762e-02  -5.0694416e-03  -2.7629851e-03   1.3141957e-04   1.8861948e-04
  -1.2796551e-01   4.0903273e-02   1.3638781e-02  -2.8091971e-03   1.3914480e-04   2.7992558e-05
  -1.5105127e-01   4.2267275e-02   2.2900682e-02  -2.7750011e-03   3.0991461e-04  -2.7409609e-04
  -1.6537349e-01   8.2589273e-02   7.3786827e-02  -3.9443321e-03   4.0318813e-04  -5.1152143e-04
  -1.5883951e-01   8.1238575e-02   1.3507828e-01  -4.3155775e-03   1.0363876e-03  -2.0929183e-04
  -1.4989400e-01   4.9646868e-02   9.1679365e-02  -3.7758716e-03   6.9308603e-04  -1.5076180e-04
  -1.4389480e-01   2.4104157e-02   6.5942101e-02  -3.1277852e-03   6.6198058e-04   4.5726491e-06
  -1.4388098e-01   3.3392757e-02   1.3809896e-02  -2.8644271e-03   4.1077946e-04  -2.0376804e-04
  -1.5303333e-01   1.5144807e-02   6.0501050e-02  -2.8195201e-03   7.4501492e-04  -9.9925939e-05
  -1.3059489e-01   3.3759442e-02   1.4219438e-01  -4.0947303e-03   6.1962870e-04   1.9282118e-04
  -1.2487389e-01   1.5096929e-02   1.5434725e-01  -3.7669136e-03   5.3472724e-04   1.1507372e-04
  -7.6828121e-02  -2.8836785e-02   1.8343132e-01  -3.1342521e-03   9.8274781e-05   8.0390295e-04
  -9.4441813e-02  -3.6744769e-02   1.7811170e-01  -2.7741553e-03   1.9539295e-04   2.0690405e-04
  -8.1822390e-02  -3.7162227e-02   1.6694939e-01  -2.7901279e-03   4.1903175e-05   1.6319058e-04
  -7.5802645e-02  -5.9706288e-02   2.3548288e-01  -3.0884341e-03   1.6158974e-04   5.3718948e-04
  -7.3333270e-02  -4.1415347e-02   2.2563486e-01  -3.5975344e-03   9.3632624e-05   6.3804181e-04
  -7.7592291e-02  -5.0700971e-02   2.1375850e-01  -2.9571958e-03   8.0711211e-05   4.6457909e-04
  -9.3639589e-02  -1.6962948e-02   2.2420794e-01  -3.5716533e-03   8.3664744e-05   3.7974349e-04
  -8.2198784e-02  -5.0578681e-02   1.3803413e-01  -2.4042689e-03  -5.1238135e-04   4.5445068e-04
  -9.3962582e-02  -4.5268485e-02   1.0672621e-01  -2.3571285e-03  -3.7204524e-04   3.5339110e-04
  -9.7308178e-02  -6.8858212e-02   1.0860492e-01  -2.0978086e-03  -2.8660836e-04   3.6433595e-04
  -8.8243903e-02  -4.7166995e-02   1.2675292e-01  -2.6603970e-03  -5.1500912e-04   2.9552879e-04
  -9.0805499e-02  -8.9744081e-02   1.1248959e-01  -2.1728085e-03  -4.7747898e-04   4.2295552e-04
  -8.9681282e-02  -6.3566570e-02   1.2010982e-01  -2.6302554e-03  -4.5424977e-04   4.2127908e-04
  -7.5168760e-02  -8.5756013e-02   1.6882545e-01  -2.6222600e-03  -4.6589269e-04   5.3387939e-04
  -6.6685586e-02  -1.1062109e-01   2.0473928e-01  -2.8957835e-03  -5.4196418e-04   3.5102748e-04
  -7.8397055e-02  -7.6400197e-02   2.4097279e-01  -3.2126420e-03  -6.2770531e-04   2.1611898e-04
  -8.7277266e-02  -5.8866780e-02   2.1142917e-01  -2.9505160e-03  -4.5224752e-04   4.7107678e-04
  -7.4498416e-02  -9.9045970e-02   1.2733542e-01  -1.9409226e-03  -5.7169522e-04   6.0717334e-04
  -7.4863457e-02  -1.1465002e-01   1.3896494e-01  -2.1244825e-03  -5.7398047e-04   4.6739618e-04
  -8.1142254e-02  -9.3574986e-02   2.0271911e-01  -2.8041556e-03  -3.7607365e-04   4.9477986e-04
  -8.1367453e-02  -8.1102670e-02   2.3655698e-01  -3.2846880e-03  -3.0610451e-04   4.5038464e-04
  -8.1937101e-02  -5.3384076e-02   3.1076307e-01  -4.1459870e-03  -3.7433676e-04   2.2467049e-04
  -6.7925576e-02  -8.2514607e-02   2.7820953e-01  -3.7089313e-03  -3.3971263e-04   6.3743477e-04
  -8.0104389e-02  -7.1291718e-02   2.6663224e-01  -3.6423483e-03  -2.0290274e-04   5.7377953e-04
  -7.2734684e-02  -3.5176615e-02   2.8838314e-01  -3.8902178e-03  -5.5498178e-04   4.0648474e-04
  -1.0235978e-01  -3.6985349e-02   2.6320833e-01  -3.7390033e-03  -3.5039926e-04   1.9752406e-04
  -9.7494790e-02  -7.2801148e-02   2.4992267e-01  -3.6169290e-03  -4.7680838e-04  -3.1819588e-06
  -8.8394488e-02  -3.9221856e-02   3.0261447e-01  -4.6665546e-03  -5.4662349e-04   1.4977005e-04
  -9.3466664e-02  -2.6638214e-02   3.0061231e-01  -4.9422869e-03  -2.8601305e-04   2.3645766e-04
  -1.1392052e-01  -1.7434619e-03   3.8835876e-01  -5.7057549e-03   1.5652827e-04   1.5345278e-05
  -1.0925897e-01   1.2902603e-02   4.6866906e-01  -6.3762741e-03  -7.6823681e-05  -4.2375184e-05
  -1.0147348e-01  -1.7441050e-02   4.5129611e-01  -5.7503761e-03  -1.7508333e-05   5.8193790e-05
  -1.0358503e-01  -2.7620614e-02   4.1965132e-01  -5.4778446e-03  -2.2853333e-04  -1.6299345e-04
  -1.0854634e-01  -3.3902495e-02   3.8502877e-01  -5.0348800e-03  -3.1233901e-04  -1.9502040e-04
  -1.0476424e-01  -4.5450485e-02   3.5259007e-01  -4.7168237e-03  -5.0705041e-04  -2.7873719e-04
  -9.5780497e-02  -7.5269640e-02   4.4242313e-01  -5.2388830e-03  -3.5666098e-04   6.1377677e-05
  -1.1534488e-01  -6.2503010e-02   4.8757258e-01  -5.9401397e-03  -2.5025028e-04  -2.9636369e-04
  -1.0691427e-01  -5.8988131e-02   4.9145919e-01  -5.7639344e-03  -2.0449718e-04  -2.3147854e-04
  -1.0560384e-01  -1.2105610e-02   5.6951565e-01  -6.9139915e-03  -2.6077027e-04  -9.0407386e-05
  -8.3220539e-02  -3.5313466e-02   5.5145732e-01  -6.4234891e-03  -4.1219632e-04   2.4470114e-04
  -9.1385107e-02  -6.4642777e-02   5.6179123e-01  -6.4645609e-03  -5.1596438e-04  -1.7113973e-04
  -7.2184353e-02  -6.6399296e-02   6.8045579e-01  -7.0300755e-03  -5.6449559e-04  -2.8902961e-04
  -6.3377958e-02  -6.8098165e-02   7.8792627e-01  -7.6390570e-03  -5.9241882e-04  -2.2351839e-04
  -6.1849859e-02  -6.5856711e-02   7.7573169e-01  -7.2921859e-03  -3.2770795e-04  -1.4441015e-04
